2x2b day
120K/
source: /home/nunop/projects/planetary/nuno/envision/data_analysis/Row_signal_PerSubBand_20231107.py
Pixel,DarkFrame[e-],LightFrame[e-]
0,4.794828e+03,4.834614e+03
1,4.794828e+03,4.839330e+03
2,4.794828e+03,4.840616e+03
3,4.794828e+03,4.843656e+03
4,4.794828e+03,4.845896e+03
5,4.794828e+03,4.848251e+03
6,4.794828e+03,4.851779e+03
7,4.794828e+03,4.853535e+03
8,4.794828e+03,4.857393e+03
9,4.794828e+03,4.859057e+03
10,4.794828e+03,4.861371e+03
11,4.794828e+03,4.863465e+03
12,4.794828e+03,4.868632e+03
13,4.794828e+03,4.868888e+03
14,4.794828e+03,4.871473e+03
15,4.794828e+03,4.875256e+03
16,4.794828e+03,4.878117e+03
17,4.794828e+03,4.882182e+03
18,4.794828e+03,4.882852e+03
19,4.794828e+03,4.887892e+03
20,4.794828e+03,4.891562e+03
21,4.794828e+03,4.892311e+03
22,4.794828e+03,4.899244e+03
23,4.794828e+03,4.898825e+03
24,4.794828e+03,4.903432e+03
25,4.794828e+03,4.907331e+03
26,4.794828e+03,4.910298e+03
27,4.794828e+03,4.913775e+03
28,4.794828e+03,4.916989e+03
29,4.794828e+03,4.921566e+03
30,4.794828e+03,4.925599e+03
31,4.794828e+03,4.927433e+03
32,4.794828e+03,4.928600e+03
33,4.794828e+03,4.933673e+03
34,4.794828e+03,4.937820e+03
35,4.794828e+03,4.938565e+03
36,4.794828e+03,4.946389e+03
37,4.794828e+03,4.945731e+03
38,4.794828e+03,4.955133e+03
39,4.794828e+03,4.984768e+03
40,4.794828e+03,4.991489e+03
41,4.794828e+03,4.992870e+03
42,4.794828e+03,4.997602e+03
43,4.794828e+03,5.003680e+03
44,4.794828e+03,5.006519e+03
45,4.794828e+03,5.009405e+03
46,4.794828e+03,5.014791e+03
47,4.794828e+03,5.016352e+03
48,4.794828e+03,5.022270e+03
49,4.794828e+03,5.030101e+03
50,4.794828e+03,5.025903e+03
51,4.794828e+03,5.032132e+03
52,4.794828e+03,5.036678e+03
53,4.794828e+03,5.038171e+03
54,4.794828e+03,5.047982e+03
55,4.794828e+03,5.045518e+03
56,4.794828e+03,5.050913e+03
57,4.794828e+03,5.054930e+03
58,4.794828e+03,5.057442e+03
59,4.794828e+03,5.059372e+03
60,4.794828e+03,5.063445e+03
61,4.794828e+03,5.071271e+03
62,4.794828e+03,5.073421e+03
63,4.794828e+03,5.071836e+03
64,4.794828e+03,5.083003e+03
65,4.794828e+03,5.084610e+03
66,4.794828e+03,5.085712e+03
67,4.794828e+03,5.091462e+03
68,4.794828e+03,5.094208e+03
69,4.794828e+03,5.099440e+03
70,4.794828e+03,5.100555e+03
71,4.794828e+03,5.107460e+03
72,4.794828e+03,5.115191e+03
73,4.794828e+03,5.112790e+03
74,4.794828e+03,5.119241e+03
75,4.794828e+03,5.128144e+03
76,4.794828e+03,5.125322e+03
77,4.794828e+03,5.130748e+03
78,4.794828e+03,5.132721e+03
79,4.794828e+03,5.142912e+03
80,4.794828e+03,5.138857e+03
81,4.794828e+03,5.152429e+03
82,4.794828e+03,5.149881e+03
83,4.794828e+03,5.153083e+03
84,4.794828e+03,5.159068e+03
85,4.794828e+03,5.165433e+03
86,4.794828e+03,5.161786e+03
87,4.794828e+03,5.170785e+03
88,4.794828e+03,5.174433e+03
89,4.794828e+03,5.178341e+03
90,4.794828e+03,5.177178e+03
91,4.794828e+03,5.182946e+03
92,4.794828e+03,5.190307e+03
93,4.794828e+03,5.185798e+03
94,4.794828e+03,5.191054e+03
95,4.794828e+03,5.190933e+03
96,4.794828e+03,5.193767e+03
97,4.794828e+03,5.193612e+03
98,4.794828e+03,5.205193e+03
99,4.794828e+03,5.200746e+03
100,4.794828e+03,5.204998e+03
101,4.794828e+03,5.211481e+03
102,4.794828e+03,5.220493e+03
103,4.794828e+03,5.214734e+03
104,4.794828e+03,5.230858e+03
105,4.794828e+03,5.269530e+03
106,4.794828e+03,5.388180e+03
107,4.794828e+03,5.551726e+03
108,4.794828e+03,5.893246e+03
109,4.794828e+03,6.294635e+03
110,4.794828e+03,6.835450e+03
111,4.794828e+03,7.539756e+03
112,4.794828e+03,8.350950e+03
113,4.794828e+03,9.470378e+03
114,4.794828e+03,1.042001e+04
115,4.794828e+03,1.128286e+04
116,4.794828e+03,1.395128e+04
117,4.794828e+03,1.917870e+04
118,4.794828e+03,2.479180e+04
119,4.794828e+03,2.919134e+04
120,4.794828e+03,3.807288e+04
121,4.794828e+03,5.359962e+04
122,4.794828e+03,7.299719e+04
123,4.794828e+03,9.083933e+04
124,4.794828e+03,1.053024e+05
125,4.794828e+03,1.406403e+05
126,4.794828e+03,1.603592e+05
127,4.794828e+03,1.809707e+05
128,4.794828e+03,2.085507e+05
129,4.794828e+03,2.298575e+05
130,4.794828e+03,2.519551e+05
131,4.794828e+03,2.686553e+05
132,4.794828e+03,2.952923e+05
133,4.794828e+03,3.133051e+05
134,4.794828e+03,3.285322e+05
135,4.794828e+03,3.280897e+05
136,4.794828e+03,3.408070e+05
137,4.794828e+03,3.377291e+05
138,4.794828e+03,3.445697e+05
139,4.794828e+03,3.411688e+05
140,4.794828e+03,3.455356e+05
141,4.794828e+03,3.357282e+05
142,4.794828e+03,3.381256e+05
143,4.794828e+03,3.283783e+05
144,4.794828e+03,2.992436e+05
145,4.794828e+03,3.155172e+05
146,4.794828e+03,3.456294e+05
147,4.794828e+03,3.426671e+05
148,4.794828e+03,3.419300e+05
149,4.794828e+03,3.375027e+05
150,4.794828e+03,3.527087e+05
151,4.794828e+03,3.469417e+05
152,4.794828e+03,3.477693e+05
153,4.794828e+03,3.473718e+05
154,4.794828e+03,3.319220e+05
155,4.794828e+03,3.337355e+05
156,4.794828e+03,3.466027e+05
157,4.794828e+03,3.222732e+05
158,4.794828e+03,3.428121e+05
159,4.794828e+03,3.441405e+05
160,4.794828e+03,2.872453e+05
161,4.794828e+03,3.298707e+05
162,4.794828e+03,3.539665e+05
163,4.794828e+03,3.495045e+05
164,4.794828e+03,3.556528e+05
165,4.794828e+03,3.493804e+05
166,4.794828e+03,3.498845e+05
167,4.794828e+03,3.583466e+05
168,4.794828e+03,3.533174e+05
169,4.794828e+03,3.610588e+05
170,4.794828e+03,3.503480e+05
171,4.794828e+03,3.578791e+05
172,4.794828e+03,3.595466e+05
173,4.794828e+03,3.613420e+05
174,4.794828e+03,3.570343e+05
175,4.794828e+03,3.594728e+05
176,4.794828e+03,3.574843e+05
177,4.794828e+03,3.618636e+05
178,4.794828e+03,3.592640e+05
179,4.794828e+03,3.624003e+05
180,4.794828e+03,3.580599e+05
181,4.794828e+03,3.678657e+05
182,4.794828e+03,3.666303e+05
183,4.794828e+03,3.661192e+05
184,4.794828e+03,3.720991e+05
185,4.794828e+03,3.763739e+05
186,4.794828e+03,3.654393e+05
187,4.794828e+03,3.762036e+05
188,4.794828e+03,3.761580e+05
189,4.794828e+03,3.734402e+05
190,4.794828e+03,3.728305e+05
191,4.794828e+03,3.816559e+05
192,4.794828e+03,3.794736e+05
193,4.794828e+03,3.730381e+05
194,4.794828e+03,3.706436e+05
195,4.794828e+03,3.758066e+05
196,4.794828e+03,3.777123e+05
197,4.794828e+03,3.790062e+05
198,4.794828e+03,3.776030e+05
199,4.794828e+03,3.716444e+05
200,4.794828e+03,3.677905e+05
201,4.794828e+03,3.510190e+05
202,4.794828e+03,3.336784e+05
203,4.794828e+03,3.654069e+05
204,4.794828e+03,3.646266e+05
205,4.794828e+03,3.604385e+05
206,4.794828e+03,3.757480e+05
207,4.794828e+03,3.745901e+05
208,4.794828e+03,3.700484e+05
209,4.794828e+03,3.745024e+05
210,4.794828e+03,3.710673e+05
211,4.794828e+03,3.737975e+05
212,4.794828e+03,3.796405e+05
213,4.794828e+03,3.754713e+05
214,4.794828e+03,3.790613e+05
215,4.794828e+03,3.676881e+05
216,4.794828e+03,3.613022e+05
217,4.794828e+03,3.753236e+05
218,4.794828e+03,3.786477e+05
219,4.794828e+03,3.806407e+05
220,4.794828e+03,3.792623e+05
221,4.794828e+03,3.777240e+05
222,4.794828e+03,3.677762e+05
223,4.794828e+03,3.802665e+05
224,4.794828e+03,3.752265e+05
225,4.794828e+03,3.505193e+05
226,4.794828e+03,3.569928e+05
227,4.794828e+03,3.799108e+05
228,4.794828e+03,3.857032e+05
229,4.794828e+03,3.734235e+05
230,4.794828e+03,3.627296e+05
231,4.794828e+03,3.863898e+05
232,4.794828e+03,3.862416e+05
233,4.794828e+03,3.752581e+05
234,4.794828e+03,3.752057e+05
235,4.794828e+03,3.902062e+05
236,4.794828e+03,3.879923e+05
237,4.794828e+03,3.653364e+05
238,4.794828e+03,3.858436e+05
239,4.794828e+03,3.877829e+05
240,4.794828e+03,3.698668e+05
241,4.794828e+03,3.385916e+05
242,4.794828e+03,3.862539e+05
243,4.794828e+03,3.855195e+05
244,4.794828e+03,3.909140e+05
245,4.794828e+03,3.960924e+05
246,4.794828e+03,3.960173e+05
247,4.794828e+03,3.944250e+05
248,4.794828e+03,3.898564e+05
249,4.794828e+03,3.827283e+05
250,4.794828e+03,3.709269e+05
251,4.794828e+03,3.383601e+05
252,4.794828e+03,3.149614e+05
253,4.794828e+03,3.098192e+05
254,4.794828e+03,2.816726e+05
255,4.794828e+03,2.609521e+05
256,4.794828e+03,2.278218e+05
257,4.794828e+03,2.040226e+05
258,4.794828e+03,1.845432e+05
259,4.794828e+03,1.559709e+05
260,4.794828e+03,1.280923e+05
261,4.794828e+03,1.035300e+05
262,4.794828e+03,7.678189e+04
263,4.794828e+03,5.325657e+04
264,4.794828e+03,3.987495e+04
265,4.794828e+03,3.153984e+04
266,4.794828e+03,2.571202e+04
267,4.794828e+03,2.158654e+04
268,4.794828e+03,1.773407e+04
269,4.794828e+03,1.486087e+04
270,4.794828e+03,1.281759e+04
271,4.794828e+03,1.097175e+04
272,4.794828e+03,9.574133e+03
273,4.794828e+03,8.288523e+03
274,4.794828e+03,7.169868e+03
275,4.794828e+03,6.535196e+03
276,4.794828e+03,6.051666e+03
277,4.794828e+03,5.658509e+03
278,4.794828e+03,5.416135e+03
279,4.794828e+03,5.305469e+03
280,4.794828e+03,5.305893e+03
281,4.794828e+03,5.289631e+03
282,4.794828e+03,5.287424e+03
283,4.794828e+03,5.282846e+03
284,4.794828e+03,5.270335e+03
285,4.794828e+03,5.277245e+03
286,4.794828e+03,5.269537e+03
287,4.794828e+03,5.271935e+03
288,4.794828e+03,5.269259e+03
289,4.794828e+03,5.256636e+03
290,4.794828e+03,5.262652e+03
291,4.794828e+03,5.253472e+03
292,4.794828e+03,5.253188e+03
293,4.794828e+03,5.250749e+03
294,4.794828e+03,5.254457e+03
295,4.794828e+03,5.243594e+03
296,4.794828e+03,5.234774e+03
297,4.794828e+03,5.235251e+03
298,4.794828e+03,5.228103e+03
299,4.794828e+03,5.226205e+03
300,4.794828e+03,5.218900e+03
301,4.794828e+03,5.220875e+03
302,4.794828e+03,5.209134e+03
303,4.794828e+03,5.210668e+03
304,4.794828e+03,5.198743e+03
305,4.794828e+03,5.202157e+03
306,4.794828e+03,5.198949e+03
307,4.794828e+03,5.190026e+03
308,4.794828e+03,5.188901e+03
309,4.794828e+03,5.187026e+03
310,4.794828e+03,5.184340e+03
311,4.794828e+03,5.181353e+03
312,4.794828e+03,5.180150e+03
313,4.794828e+03,5.173153e+03
314,4.794828e+03,5.164899e+03
315,4.794828e+03,5.164482e+03
316,4.794828e+03,5.161392e+03
317,4.794828e+03,5.157637e+03
318,4.794828e+03,5.159645e+03
319,4.794828e+03,5.159404e+03
320,4.794828e+03,5.158475e+03
321,4.794828e+03,5.157646e+03
322,4.794828e+03,5.135065e+03
323,4.794828e+03,5.131278e+03
324,4.794828e+03,5.131303e+03
325,4.794828e+03,5.122501e+03
326,4.794828e+03,5.114723e+03
327,4.794828e+03,5.116290e+03
328,4.794828e+03,5.110605e+03
329,4.794828e+03,5.102941e+03
330,4.794828e+03,5.097230e+03
331,4.794828e+03,5.099662e+03
332,4.794828e+03,5.091848e+03
333,4.794828e+03,5.085718e+03
334,4.794828e+03,5.080868e+03
335,4.794828e+03,5.079946e+03
336,4.794828e+03,5.078403e+03
337,4.794828e+03,5.070069e+03
338,4.794828e+03,5.066287e+03
339,4.794828e+03,5.067228e+03
340,4.794828e+03,5.060789e+03
341,4.794828e+03,5.055062e+03
342,4.794828e+03,5.053838e+03
343,4.794828e+03,5.047546e+03
344,4.794828e+03,5.041337e+03
345,4.794828e+03,5.040191e+03
346,4.794828e+03,5.034815e+03
347,4.794828e+03,5.032083e+03
348,4.794828e+03,5.029408e+03
349,4.794828e+03,5.023829e+03
350,4.794828e+03,5.018935e+03
351,4.794828e+03,5.020614e+03
352,4.794828e+03,5.015823e+03
353,4.794828e+03,5.008462e+03
354,4.794828e+03,5.006910e+03
355,4.794828e+03,5.002190e+03
356,4.794828e+03,4.999077e+03
357,4.794828e+03,4.996783e+03
358,4.794828e+03,4.992270e+03
359,4.794828e+03,4.986232e+03
360,4.794828e+03,4.985303e+03
361,4.794828e+03,4.980427e+03
362,4.794828e+03,4.977462e+03
363,4.794828e+03,4.973265e+03
364,4.794828e+03,4.968220e+03
365,4.794828e+03,4.964871e+03
366,4.794828e+03,4.962244e+03
367,4.794828e+03,4.958708e+03
368,4.794828e+03,4.952703e+03
369,4.794828e+03,4.951333e+03
370,4.794828e+03,4.948053e+03
371,4.794828e+03,4.944439e+03
372,4.794828e+03,4.942102e+03
373,4.794828e+03,4.938133e+03
374,4.794828e+03,4.937243e+03
375,4.794828e+03,4.934254e+03
376,4.794828e+03,4.932927e+03
377,4.794828e+03,4.954709e+03
378,4.794828e+03,4.954981e+03
379,4.794828e+03,4.950679e+03
380,4.794828e+03,4.946495e+03
381,4.794828e+03,4.947836e+03
382,4.794828e+03,4.938316e+03
383,4.794828e+03,4.935144e+03
